0 0 0 0 1
0
1 1 0 1 1
0
2 0 0 2 1
0
3 1 0 3 1
0
4 0 0 4 1
0
5 1 0 5 1
0
6 0 0 6 1
0
7 1 0 7 1
0
8 0 0 8 1
0
9 1 0 9 1
0
10 0 0 10 1
0
11 1 0 11 1
0
12 0 0 12 1
0
13 1 0 13 1
0
14 0 0 14 1
0
15 1 0 15 1
0
16 1 1 0 1
0
17 0 1 1 0
0
18 1 1 2 0
0
19 0 1 3 0
0
20 1 1 4 0
0
21 0 1 5 0
0
22 1 1 6 0
0
23 0 1 7 0
0
24 1 1 8 0
0
25 0 1 9 0
0
26 1 1 10 0
1
27 0 1 11 0
1
28 1 1 12 0
0
29 0 1 13 0
0
30 1 1 14 0
0
31 0 1 15 1
0
32 0 2 0 1
0
33 1 2 1 0
0
34 0 2 2 0
0
35 1 2 3 0
0
36 0 2 4 0
0
37 1 2 5 0
0
38 0 2 6 0
0
39 1 2 7 0
0
40 0 2 8 0
0
41 1 2 9 0
0
42 0 2 10 0
1
43 1 2 11 0
1
44 0 2 12 0
0
45 1 2 13 0
0
46 0 2 14 0
0
47 1 2 15 1
0
48 1 3 0 1
0
49 0 3 1 1
0
50 1 3 2 1
0
51 0 3 3 1
0
52 1 3 4 1
0
53 0 3 5 0
1
54 1 3 6 0
1
55 0 3 7 0
1
56 1 3 8 1
0
57 0 3 9 1
0
58 1 3 10 1
0
59 0 3 11 1
0
60 1 3 12 0
0
61 0 3 13 0
0
62 1 3 14 1
0
63 0 3 15 1
0
64 0 4 0 1
0
65 1 4 1 0
0
66 0 4 2 0
0
67 1 4 3 0
0
68 0 4 4 1
0
69 1 4 5 0
0
70 0 4 6 0
0
71 1 4 7 0
0
72 0 4 8 1
0
73 1 4 9 0
0
74 0 4 10 0
0
75 1 4 11 0
0
76 0 4 12 0
0
77 1 4 13 0
0
78 0 4 14 0
0
79 1 4 15 1
0
80 1 5 0 1
0
81 0 5 1 0
0
82 1 5 2 0
0
83 0 5 3 0
0
84 1 5 4 0
0
85 0 5 5 0
0
86 1 5 6 0
0
87 0 5 7 0
0
88 1 5 8 1
0
89 0 5 9 0
0
90 1 5 10 0
0
91 0 5 11 0
0
92 1 5 12 0
0
93 0 5 13 0
0
94 1 5 14 0
0
95 0 5 15 1
0
96 0 6 0 1
0
97 1 6 1 0
0
98 0 6 2 0
0
99 1 6 3 0
0
100 0 6 4 0
0
101 1 6 5 0
0
102 0 6 6 0
0
103 1 6 7 0
0
104 0 6 8 0
0
105 1 6 9 0
0
106 0 6 10 0
0
107 1 6 11 0
0
108 0 6 12 0
0
109 1 6 13 0
0
110 0 6 14 0
0
111 1 6 15 1
0
112 1 7 0 1
0
113 0 7 1 0
0
114 1 7 2 0
0
115 0 7 3 0
0
116 1 7 4 0
0
117 0 7 5 0
0
118 1 7 6 0
0
119 0 7 7 0
0
120 1 7 8 0
0
121 0 7 9 0
0
122 1 7 10 0
0
123 0 7 11 1
0
124 1 7 12 1
0
125 0 7 13 1
0
126 1 7 14 1
0
127 0 7 15 1
0
128 0 8 0 1
0
129 1 8 1 0
0
130 0 8 2 0
0
131 1 8 3 0
0
132 0 8 4 0
0
133 1 8 5 0
0
134 0 8 6 0
0
135 1 8 7 0
0
136 0 8 8 2
0
137 1 8 9 0
0
138 0 8 10 0
0
139 1 8 11 0
0
140 0 8 12 0
0
141 1 8 13 0
0
142 0 8 14 0
0
143 1 8 15 1
0
144 1 9 0 1
0
145 0 9 1 0
0
146 1 9 2 0
0
147 0 9 3 0
0
148 1 9 4 0
0
149 0 9 5 1
0
150 1 9 6 0
0
151 0 9 7 0
0
152 1 9 8 2
0
153 0 9 9 0
0
154 1 9 10 0
0
155 0 9 11 0
0
156 1 9 12 0
0
157 0 9 13 0
0
158 1 9 14 0
0
159 0 9 15 1
0
160 0 10 0 1
0
161 1 10 1 0
0
162 0 10 2 0
0
163 1 10 3 0
0
164 0 10 4 0
0
165 1 10 5 1
0
166 0 10 6 1
0
167 1 10 7 1
0
168 0 10 8 1
0
169 1 10 9 1
0
170 0 10 10 1
0
171 1 10 11 0
0
172 0 10 12 0
0
173 1 10 13 0
0
174 0 10 14 0
0
175 1 10 15 1
0
176 1 11 0 1
0
177 0 11 1 0
0
178 1 11 2 0
0
179 0 11 3 1
0
180 1 11 4 0
0
181 0 11 5 0
0
182 1 11 6 0
0
183 0 11 7 0
0
184 1 11 8 0
0
185 0 11 9 0
0
186 1 11 10 1
0
187 0 11 11 1
0
188 1 11 12 0
0
189 0 11 13 0
0
190 1 11 14 0
0
191 0 11 15 1
0
192 0 12 0 1
0
193 1 12 1 0
0
194 0 12 2 0
0
195 1 12 3 1
0
196 0 12 4 0
0
197 1 12 5 0
0
198 0 12 6 0
0
199 1 12 7 0
0
200 0 12 8 0
0
201 1 12 9 0
0
202 0 12 10 0
0
203 1 12 11 0
0
204 0 12 12 0
0
205 1 12 13 0
0
206 0 12 14 0
0
207 1 12 15 1
0
208 1 13 0 1
0
209 0 13 1 0
0
210 1 13 2 0
0
211 0 13 3 1
0
212 1 13 4 0
0
213 0 13 5 0
0
214 1 13 6 0
0
215 0 13 7 0
0
216 1 13 8 0
0
217 0 13 9 0
0
218 1 13 10 0
0
219 0 13 11 0
0
220 1 13 12 0
0
221 0 13 13 0
0
222 1 13 14 0
0
223 0 13 15 1
0
224 0 14 0 1
0
225 1 14 1 0
0
226 0 14 2 0
0
227 1 14 3 0
0
228 0 14 4 0
0
229 1 14 5 0
0
230 0 14 6 0
0
231 1 14 7 0
0
232 0 14 8 0
0
233 1 14 9 0
0
234 0 14 10 0
0
235 1 14 11 0
0
236 0 14 12 0
0
237 1 14 13 0
0
238 0 14 14 0
0
239 1 14 15 1
0
240 1 15 0 1
0
241 0 15 1 1
0
242 1 15 2 1
0
243 0 15 3 1
0
244 1 15 4 1
0
245 0 15 5 1
0
246 1 15 6 1
0
247 0 15 7 1
0
248 1 15 8 1
0
249 0 15 9 1
0
250 1 15 10 1
0
251 0 15 11 1
0
252 1 15 12 1
0
253 0 15 13 1
0
254 1 15 14 1
0
255 0 15 15 1
0
